CASE legacy | C208B-A | forfait 90 kg, pilote 80 | enveloppe complete
SLOTS 136.000 161.000 185.000 209.000 234.000 258.000 282.000 307.000 149.000 185.000 222.000 258.000 294.000 162.000 186.000 210.000 234.000 258.000 282.000 307.000
N 1 137.329357 645.492198
N 2 370.220416 849.842198
N 3 605.297224 1054.192198
N 4 842.336780 1258.542198
N 5 1081.237643 1462.892198
N 6 1322.298286 1667.242198
N 7 1565.518710 1871.592198
N 8 1810.898914 2075.942198
N 9 2052.414896 2280.292198
N 10 2255.139460 2484.642198
N 11 2457.239749 2688.992198
N 12 2659.844170 2893.342198
N 13 2862.448731 3097.692198
N 14 3065.557425 3302.042198
N 15 3269.198496 3506.392198
N 16 3471.775234 3710.742198
N 17 3674.884349 3915.092198
N 18 3877.993604 4119.442198
N 19 4080.599007 4323.792198
N 20 -1e300 1e300
CASE legacy | C208B-A | forfait 90 kg, pilote 80 | arriere seule
SLOTS 136.000 161.000 185.000 209.000 234.000 258.000 282.000 307.000 149.000 185.000 222.000 258.000 294.000 162.000 186.000 210.000 234.000 258.000 282.000 307.000
N 1 -1e300 645.492198
N 2 -1e300 849.842198
N 3 -1e300 1054.192198
N 4 -1e300 1258.542198
N 5 -1e300 1462.892198
N 6 -1e300 1667.242198
N 7 -1e300 1871.592198
N 8 -1e300 2075.942198
N 9 -1e300 2280.292198
N 10 -1e300 2484.642198
N 11 -1e300 2688.992198
N 12 -1e300 2893.342198
N 13 -1e300 3097.692198
N 14 -1e300 3302.042198
N 15 -1e300 3506.392198
N 16 -1e300 3710.742198
N 17 -1e300 3915.092198
N 18 -1e300 4119.442198
N 19 -1e300 4323.792198
N 20 -1e300 1e300
CASE legacy | C208B-B | forfait 90 kg, pilote 80 | enveloppe complete
SLOTS 136.000 161.000 185.000 209.000 234.000 258.000 282.000 307.000 149.000 185.000 222.000 258.000 294.000 162.000 186.000 210.000 234.000 258.000 282.000 307.000
N 1 216.744908 711.371591
N 2 447.693503 912.721591
N 3 680.827847 1114.071591
N 4 915.663312 1315.421591
N 5 1152.609146 1516.771591
N 6 1391.714762 1718.121591
N 7 1632.980157 1919.471591
N 8 1876.405332 2120.821591
N 9 2092.634446 2322.171591
N 10 2292.705905 2523.521591
N 11 2491.843880 2724.871591
N 12 2691.485982 2926.221591
N 13 2891.226010 3127.571591
N 14 3091.255735 3328.921591
N 15 3291.925077 3530.271591
N 16 3492.071712 3731.621591
N 17 3692.218482 3932.971591
N 18 3891.861395 4134.321591
N 19 -1e300 1e300
N 20 -1e300 1e300
CASE legacy | C208B-B | forfait 90 kg, pilote 80 | arriere seule
SLOTS 136.000 161.000 185.000 209.000 234.000 258.000 282.000 307.000 149.000 185.000 222.000 258.000 294.000 162.000 186.000 210.000 234.000 258.000 282.000 307.000
N 1 -1e300 711.371591
N 2 -1e300 912.721591
N 3 -1e300 1114.071591
N 4 -1e300 1315.421591
N 5 -1e300 1516.771591
N 6 -1e300 1718.121591
N 7 -1e300 1919.471591
N 8 -1e300 2120.821591
N 9 -1e300 2322.171591
N 10 -1e300 2523.521591
N 11 -1e300 2724.871591
N 12 -1e300 2926.221591
N 13 -1e300 3127.571591
N 14 -1e300 3328.921591
N 15 -1e300 3530.271591
N 16 -1e300 3731.621591
N 17 -1e300 3932.971591
N 18 -1e300 4134.321591
N 19 -1e300 1e300
N 20 -1e300 1e300
CASE legacy | deux avions | forfait 90 kg, pilote 80 | enveloppe complete
SLOTS 136.000 161.000 185.000 209.000 234.000 258.000 282.000 307.000 149.000 185.000 222.000 258.000 294.000 162.000 186.000 210.000 234.000 258.000 282.000 307.000
N 1 216.744908 645.492198
N 2 447.693503 849.842198
N 3 680.827847 1054.192198
N 4 915.663312 1258.542198
N 5 1152.609146 1462.892198
N 6 1391.714762 1667.242198
N 7 1632.980157 1871.592198
N 8 1876.405332 2075.942198
N 9 2092.634446 2280.292198
N 10 2292.705905 2484.642198
N 11 2491.843880 2688.992198
N 12 2691.485982 2893.342198
N 13 2891.226010 3097.692198
N 14 3091.255735 3302.042198
N 15 3291.925077 3506.392198
N 16 3492.071712 3710.742198
N 17 3692.218482 3915.092198
N 18 3891.861395 4119.442198
N 19 4080.599007 4323.792198
N 20 -1e300 1e300
CASE legacy | deux avions | forfait 90 kg, pilote 80 | arriere seule
SLOTS 136.000 161.000 185.000 209.000 234.000 258.000 282.000 307.000 149.000 185.000 222.000 258.000 294.000 162.000 186.000 210.000 234.000 258.000 282.000 307.000
N 1 -1e300 645.492198
N 2 -1e300 849.842198
N 3 -1e300 1054.192198
N 4 -1e300 1258.542198
N 5 -1e300 1462.892198
N 6 -1e300 1667.242198
N 7 -1e300 1871.592198
N 8 -1e300 2075.942198
N 9 -1e300 2280.292198
N 10 -1e300 2484.642198
N 11 -1e300 2688.992198
N 12 -1e300 2893.342198
N 13 -1e300 3097.692198
N 14 -1e300 3302.042198
N 15 -1e300 3506.392198
N 16 -1e300 3710.742198
N 17 -1e300 3915.092198
N 18 -1e300 4119.442198
N 19 -1e300 4323.792198
N 20 -1e300 1e300
CASE legacy | C208B-A | forfait 80 kg, pilote 86 | enveloppe complete
SLOTS 136.000 161.000 185.000 209.000 234.000 258.000 282.000 307.000 149.000 185.000 222.000 258.000 294.000 162.000 186.000 210.000 234.000 258.000 282.000 307.000
N 1 132.745546 705.798722
N 2 365.418030 910.148722
N 3 600.033402 1114.498722
N 4 836.565846 1318.848722
N 5 1074.530805 1523.198722
N 6 1314.415568 1727.548722
N 7 1556.220135 1931.898722
N 8 1799.944508 2136.248722
N 9 2045.588684 2340.598722
N 10 2286.389081 2544.948722
N 11 2483.438023 2749.298722
N 12 2679.819660 2953.648722
N 13 2876.802794 3157.998722
N 14 3099.619961 3362.348722
N 15 3296.677761 3566.698722
N 16 3494.096736 3771.048722
N 17 3692.267552 3975.398722
N 18 3914.208247 4179.748722
N 19 4111.673523 4384.098722
N 20 4309.173304 4588.448722
CASE legacy | C208B-A | forfait 80 kg, pilote 86 | arriere seule
SLOTS 136.000 161.000 185.000 209.000 234.000 258.000 282.000 307.000 149.000 185.000 222.000 258.000 294.000 162.000 186.000 210.000 234.000 258.000 282.000 307.000
N 1 -1e300 705.798722
N 2 -1e300 910.148722
N 3 -1e300 1114.498722
N 4 -1e300 1318.848722
N 5 -1e300 1523.198722
N 6 -1e300 1727.548722
N 7 -1e300 1931.898722
N 8 -1e300 2136.248722
N 9 -1e300 2340.598722
N 10 -1e300 2544.948722
N 11 -1e300 2749.298722
N 12 -1e300 2953.648722
N 13 -1e300 3157.998722
N 14 -1e300 3362.348722
N 15 -1e300 3566.698722
N 16 -1e300 3771.048722
N 17 -1e300 3975.398722
N 18 -1e300 4179.748722
N 19 -1e300 4384.098722
N 20 -1e300 4588.448722
CASE legacy | C208B-B | forfait 80 kg, pilote 86 | enveloppe complete
SLOTS 136.000 161.000 185.000 209.000 234.000 258.000 282.000 307.000 149.000 185.000 222.000 258.000 294.000 162.000 186.000 210.000 234.000 258.000 282.000 307.000
N 1 222.410164 780.288040
N 2 453.140184 981.638040
N 3 685.813092 1182.988040
N 4 920.114082 1384.338040
N 5 1156.124012 1585.688040
N 6 1394.053746 1787.038040
N 7 1633.903286 1988.388040
N 8 1875.672630 2189.738040
N 9 2119.361778 2391.088040
N 10 2332.012686 2592.438040
N 11 2526.457495 2793.788040
N 12 2719.886590 2995.138040
N 13 2913.917095 3196.488040
N 14 3132.939190 3397.838040
N 15 3327.418232 3599.188040
N 16 3522.529363 3800.538040
N 17 3716.479836 4001.888040
N 18 3937.038836 4203.238040
N 19 4131.551372 4404.588040
N 20 4325.531336 4605.938040
CASE legacy | C208B-B | forfait 80 kg, pilote 86 | arriere seule
SLOTS 136.000 161.000 185.000 209.000 234.000 258.000 282.000 307.000 149.000 185.000 222.000 258.000 294.000 162.000 186.000 210.000 234.000 258.000 282.000 307.000
N 1 -1e300 780.288040
N 2 -1e300 981.638040
N 3 -1e300 1182.988040
N 4 -1e300 1384.338040
N 5 -1e300 1585.688040
N 6 -1e300 1787.038040
N 7 -1e300 1988.388040
N 8 -1e300 2189.738040
N 9 -1e300 2391.088040
N 10 -1e300 2592.438040
N 11 -1e300 2793.788040
N 12 -1e300 2995.138040
N 13 -1e300 3196.488040
N 14 -1e300 3397.838040
N 15 -1e300 3599.188040
N 16 -1e300 3800.538040
N 17 -1e300 4001.888040
N 18 -1e300 4203.238040
N 19 -1e300 4404.588040
N 20 -1e300 4605.938040
CASE legacy | deux avions | forfait 80 kg, pilote 86 | enveloppe complete
SLOTS 136.000 161.000 185.000 209.000 234.000 258.000 282.000 307.000 149.000 185.000 222.000 258.000 294.000 162.000 186.000 210.000 234.000 258.000 282.000 307.000
N 1 222.410164 705.798722
N 2 453.140184 910.148722
N 3 685.813092 1114.498722
N 4 920.114082 1318.848722
N 5 1156.124012 1523.198722
N 6 1394.053746 1727.548722
N 7 1633.903286 1931.898722
N 8 1875.672630 2136.248722
N 9 2119.361778 2340.598722
N 10 2332.012686 2544.948722
N 11 2526.457495 2749.298722
N 12 2719.886590 2953.648722
N 13 2913.917095 3157.998722
N 14 3132.939190 3362.348722
N 15 3327.418232 3566.698722
N 16 3522.529363 3771.048722
N 17 3716.479836 3975.398722
N 18 3937.038836 4179.748722
N 19 4131.551372 4384.098722
N 20 4325.531336 4588.448722
CASE legacy | deux avions | forfait 80 kg, pilote 86 | arriere seule
SLOTS 136.000 161.000 185.000 209.000 234.000 258.000 282.000 307.000 149.000 185.000 222.000 258.000 294.000 162.000 186.000 210.000 234.000 258.000 282.000 307.000
N 1 -1e300 705.798722
N 2 -1e300 910.148722
N 3 -1e300 1114.498722
N 4 -1e300 1318.848722
N 5 -1e300 1523.198722
N 6 -1e300 1727.548722
N 7 -1e300 1931.898722
N 8 -1e300 2136.248722
N 9 -1e300 2340.598722
N 10 -1e300 2544.948722
N 11 -1e300 2749.298722
N 12 -1e300 2953.648722
N 13 -1e300 3157.998722
N 14 -1e300 3362.348722
N 15 -1e300 3566.698722
N 16 -1e300 3771.048722
N 17 -1e300 3975.398722
N 18 -1e300 4179.748722
N 19 -1e300 4384.098722
N 20 -1e300 4588.448722
CASE legacy | C208B-A | moyen 70-110 kg, pilotes 80/86 | enveloppe complete
SLOTS 136.000 161.000 185.000 209.000 234.000 258.000 282.000 307.000 149.000 185.000 222.000 258.000 294.000 162.000 186.000 210.000 234.000 258.000 282.000 307.000
N 1 159.832760 565.284525
N 2 393.598119 769.634525
N 3 629.968347 973.984525
N 4 868.533244 1178.334525
N 5 1109.737873 1382.684525
N 6 1353.582233 1587.034525
N 7 1600.066324 1791.384525
N 8 1829.111265 1995.734525
N 9 2056.100892 2200.084525
N 10 2286.389081 2404.434525
N 11 2514.389938 2608.784525
N 12 2725.435612 2813.134525
N 13 2915.704659 3017.484525
N 14 3133.506429 3221.834525
N 15 3323.148406 3426.184525
N 16 3542.422813 3647.721884
N 17 3732.209773 3870.977978
N 18 3951.103798 4096.224187
N 19 4142.021554 4323.792198
N 20 4351.789992 4554.091739
CASE legacy | C208B-B | moyen 70-110 kg, pilotes 80/86 | enveloppe complete
SLOTS 136.000 161.000 185.000 209.000 234.000 258.000 282.000 307.000 149.000 185.000 222.000 258.000 294.000 162.000 186.000 210.000 234.000 258.000 282.000 307.000
N 1 224.513629 618.640393
N 2 456.336523 819.990393
N 3 690.552970 1021.340393
N 4 927.162839 1222.690393
N 5 1166.412439 1424.040393
N 6 1408.301771 1625.390393
N 7 1649.727407 1826.740393
N 8 1883.877136 2028.090393
N 9 2119.361778 2229.440393
N 10 2358.656169 2430.790393
N 11 2579.837411 2632.140393
N 12 2776.215911 2833.490393
N 13 2962.250608 3034.840393
N 14 3178.428366 3236.190393
N 15 3365.130377 3437.540393
N 16 3580.501932 3680.619432
N 17 3767.777019 3906.128350
N 18 3984.140666 4134.321591
N 19 4172.107440 4365.672861
N 20 4377.723767 4600.774290
CASE legacy | deux avions | moyen 70-110 kg, pilotes 80/86 | enveloppe complete
SLOTS 136.000 161.000 185.000 209.000 234.000 258.000 282.000 307.000 149.000 185.000 222.000 258.000 294.000 162.000 186.000 210.000 234.000 258.000 282.000 307.000
N 1 224.513629 565.284525
N 2 456.336523 769.634525
N 3 690.552970 973.984525
N 4 927.162839 1178.334525
N 5 1166.412439 1382.684525
N 6 1408.301771 1587.034525
N 7 1649.727407 1791.384525
N 8 1883.877136 1995.734525
N 9 2119.361778 2200.084525
N 10 2358.656169 2404.434525
N 11 2579.837411 2608.784525
N 12 2776.215911 2813.134525
N 13 2962.250608 3017.484525
N 14 3178.428366 3221.834525
N 15 3365.130377 3426.184525
N 16 3580.501932 3647.721884
N 17 3767.777019 3870.977978
N 18 3984.140666 4096.224187
N 19 4172.107440 4323.792198
N 20 4377.723767 4554.091739
CASE legacy | C208B-A | moyen 60-120 kg, pilotes 80/86 | enveloppe complete
SLOTS 136.000 161.000 185.000 209.000 234.000 258.000 282.000 307.000 149.000 185.000 222.000 258.000 294.000 162.000 186.000 210.000 234.000 258.000 282.000 307.000
N 1 165.892618 535.206648
N 2 400.022268 739.556648
N 3 636.872233 943.906648
N 4 876.277045 1148.256648
N 5 1118.561564 1352.606648
N 6 1363.725790 1556.956648
N 7 1601.327863 1761.306648
N 8 1829.111265 1965.656648
N 9 2056.100892 2170.006648
N 10 2286.389081 2374.356648
N 11 2514.389938 2578.706648
N 12 2745.946694 2783.056648
N 13 2974.775585 2987.406648
N 14 3179.674881 3191.756648
N 15 3382.709190 3426.184525
N 16 3573.092880 3647.721884
N 17 3787.492857 3870.977978
N 18 4001.054696 4096.224187
N 19 4180.920279 4323.792198
N 20 4395.570348 4554.091739
CASE legacy | C208B-B | moyen 60-120 kg, pilotes 80/86 | enveloppe complete
SLOTS 136.000 161.000 185.000 209.000 234.000 258.000 282.000 307.000 149.000 185.000 222.000 258.000 294.000 162.000 186.000 210.000 234.000 258.000 282.000 307.000
N 1 225.021542 583.866193
N 2 457.208728 785.216193
N 3 691.919381 986.566193
N 4 929.369164 1187.916193
N 5 1169.698655 1389.266193
N 6 1412.907852 1590.616193
N 7 1649.727407 1791.966193
N 8 1883.877136 1993.316193
N 9 2119.361778 2194.666193
N 10 2358.656169 2396.016193
N 11 2589.630723 2597.366193
N 12 2825.815704 2798.716193
N 13 3027.689132 3000.066193
N 14 3238.918562 3218.047332
N 15 3450.346653 3437.540393
N 16 3626.515453 3680.619432
N 17 3836.981694 3906.128350
N 18 4048.513354 4134.321591
N 19 4225.602313 4365.672861
N 20 4436.557643 4600.774290
CASE legacy | deux avions | moyen 60-120 kg, pilotes 80/86 | enveloppe complete
SLOTS 136.000 161.000 185.000 209.000 234.000 258.000 282.000 307.000 149.000 185.000 222.000 258.000 294.000 162.000 186.000 210.000 234.000 258.000 282.000 307.000
N 1 225.021542 535.206648
N 2 457.208728 739.556648
N 3 691.919381 943.906648
N 4 929.369164 1148.256648
N 5 1169.698655 1352.606648
N 6 1412.907852 1556.956648
N 7 1649.727407 1761.306648
N 8 1883.877136 1965.656648
N 9 2119.361778 2170.006648
N 10 2358.656169 2374.356648
N 11 2589.630723 2578.706648
N 12 2825.815704 2783.056648
N 13 3027.689132 2987.406648
N 14 3238.918562 3191.756648
N 15 3450.346653 3426.184525
N 16 3626.515453 3647.721884
N 17 3836.981694 3870.977978
N 18 4048.513354 4096.224187
N 19 4225.602313 4323.792198
N 20 4436.557643 4554.091739
CASE legacy | C208B-A | moyen 70-110 kg, pilotes 65-110 | enveloppe complete
SLOTS 136.000 161.000 185.000 209.000 234.000 258.000 282.000 307.000 149.000 185.000 222.000 258.000 294.000 162.000 186.000 210.000 234.000 258.000 282.000 307.000
N 1 181.044627 555.895889
N 2 415.392852 760.245889
N 3 652.230093 964.595889
N 4 891.370931 1168.945889
N 5 1133.151501 1373.295889
N 6 1377.571803 1577.645889
N 7 1624.631836 1781.995889
N 8 1855.020030 1986.345889
N 9 2087.857676 2190.695889
N 10 2316.622713 2395.045889
N 11 2552.992885 2599.395889
N 12 2739.931558 2803.745889
N 13 2954.253092 3008.095889
N 14 3148.014664 3212.445889
N 15 3361.728218 3416.795889
N 16 3551.346929 3637.886169
N 17 3770.822913 3860.650478
N 18 3960.959701 4085.353134
N 19 4156.490578 4312.317198
N 20 4370.193471 4541.941739
CASE legacy | C208B-B | moyen 70-110 kg, pilotes 65-110 | enveloppe complete
SLOTS 136.000 161.000 185.000 209.000 234.000 258.000 282.000 307.000 149.000 185.000 222.000 258.000 294.000 162.000 186.000 210.000 234.000 258.000 282.000 307.000
N 1 254.740189 609.251756
N 2 485.688784 810.601756
N 3 718.337406 1011.951756
N 4 952.448540 1213.301756
N 5 1190.054062 1414.651756
N 6 1432.519335 1616.001756
N 7 1673.477305 1817.351756
N 8 1913.860342 2018.701756
N 9 2153.092885 2220.051756
N 10 2390.681864 2421.401756
N 11 2598.715813 2622.751756
N 12 2790.706467 2824.101756
N 13 3000.783278 3025.451756
N 14 3192.931337 3226.801756
N 15 3403.696263 3428.151756
N 16 3590.500655 3648.925650
N 17 3806.374062 3895.257297
N 18 3994.309098 4122.846591
N 19 4210.738034 4353.522861
N 20 4398.008845 4587.864915
CASE legacy | deux avions | moyen 70-110 kg, pilotes 65-110 | enveloppe complete
SLOTS 136.000 161.000 185.000 209.000 234.000 258.000 282.000 307.000 149.000 185.000 222.000 258.000 294.000 162.000 186.000 210.000 234.000 258.000 282.000 307.000
N 1 254.740189 555.895889
N 2 485.688784 760.245889
N 3 718.337406 964.595889
N 4 952.448540 1168.945889
N 5 1190.054062 1373.295889
N 6 1432.519335 1577.645889
N 7 1673.477305 1781.995889
N 8 1913.860342 1986.345889
N 9 2153.092885 2190.695889
N 10 2390.681864 2395.045889
N 11 2598.715813 2599.395889
N 12 2790.706467 2803.745889
N 13 3000.783278 3008.095889
N 14 3192.931337 3212.445889
N 15 3403.696263 3416.795889
N 16 3590.500655 3637.886169
N 17 3806.374062 3860.650478
N 18 3994.309098 4085.353134
N 19 4210.738034 4312.317198
N 20 4398.008845 4541.941739
CASE legacy | C208B-A | moyen 70-110 kg, pilotes 80/86, fuel 320-1900 | enveloppe complete
SLOTS 136.000 161.000 185.000 209.000 234.000 258.000 282.000 307.000 149.000 185.000 222.000 258.000 294.000 162.000 186.000 210.000 234.000 258.000 282.000 307.000
N 1 122.689894 566.422776
N 2 352.894290 770.772776
N 3 585.770156 975.122776
N 4 821.317492 1179.472776
N 5 1059.110751 1383.822776
N 6 1299.436455 1588.172776
N 7 1542.401890 1792.522776
N 8 1788.007057 1996.872776
N 9 2020.039246 2201.222776
N 10 2245.748687 2405.572776
N 11 2474.093521 2609.922776
N 12 2688.321018 2814.272776
N 13 2915.704659 3018.622776
N 14 3133.506429 3222.972776
N 15 3323.148406 3444.564336
N 16 3542.422813 3667.880053
N 17 3732.209773 3893.192161
N 18 3951.103798 4120.833393
N 19 4142.021554 4351.214769
N 20 4351.789992 4584.850067
CASE legacy | C208B-B | moyen 70-110 kg, pilotes 80/86, fuel 320-1900 | enveloppe complete
SLOTS 136.000 161.000 185.000 209.000 234.000 258.000 282.000 307.000 149.000 185.000 222.000 258.000 294.000 162.000 186.000 210.000 234.000 258.000 282.000 307.000
N 1 185.961110 619.778643
N 2 414.223041 821.128643
N 3 645.156443 1022.478643
N 4 878.661468 1223.828643
N 5 1114.392412 1425.178643
N 6 1352.763088 1626.528643
N 7 1593.773495 1827.878643
N 8 1837.423633 2029.228643
N 9 2070.207992 2230.578643
N 10 2300.231102 2431.928643
N 11 2526.457495 2633.278643
N 12 2760.277323 2834.628643
N 13 2962.250608 3035.978643
N 14 3178.428366 3237.328643
N 15 3365.130377 3458.603817
N 16 3580.501932 3706.096324
N 17 3767.777019 3934.362786
N 18 3984.140666 4165.795891
N 19 4172.107440 4400.989385
N 20 4377.723767 4640.695343
CASE legacy | deux avions | moyen 70-110 kg, pilotes 80/86, fuel 320-1900 | enveloppe complete
SLOTS 136.000 161.000 185.000 209.000 234.000 258.000 282.000 307.000 149.000 185.000 222.000 258.000 294.000 162.000 186.000 210.000 234.000 258.000 282.000 307.000
N 1 185.961110 566.422776
N 2 414.223041 770.772776
N 3 645.156443 975.122776
N 4 878.661468 1179.472776
N 5 1114.392412 1383.822776
N 6 1352.763088 1588.172776
N 7 1593.773495 1792.522776
N 8 1837.423633 1996.872776
N 9 2070.207992 2201.222776
N 10 2300.231102 2405.572776
N 11 2526.457495 2609.922776
N 12 2760.277323 2814.272776
N 13 2962.250608 3018.622776
N 14 3178.428366 3222.972776
N 15 3365.130377 3444.564336
N 16 3580.501932 3667.880053
N 17 3767.777019 3893.192161
N 18 3984.140666 4120.833393
N 19 4172.107440 4351.214769
N 20 4377.723767 4584.850067
CASE legacy | C208B-A | moyen 75-105 kg, pilotes 80/86, fuel 320-1900 | enveloppe complete
SLOTS 136.000 161.000 185.000 209.000 234.000 258.000 282.000 307.000 149.000 185.000 222.000 258.000 294.000 162.000 186.000 210.000 234.000 258.000 282.000 307.000
N 1 117.636654 583.664336
N 2 347.658904 788.014336
N 3 580.231194 992.364336
N 4 815.353523 1196.714336
N 5 1052.709866 1401.064336
N 6 1292.375637 1605.414336
N 7 1534.561151 1809.764336
N 8 1779.266409 2014.114336
N 9 2020.039246 2218.464336
N 10 2245.748687 2422.814336
N 11 2474.093521 2627.164336
N 12 2688.321018 2831.514336
N 13 2908.061078 3035.864336
N 14 3101.605179 3240.214336
N 15 3322.820673 3444.564336
N 16 3516.456278 3667.880053
N 17 3710.519714 3893.192161
N 18 3932.065142 4120.833393
N 19 4125.514104 4351.214769
N 20 4319.681244 4584.850067
CASE legacy | C208B-B | moyen 75-105 kg, pilotes 80/86, fuel 320-1900 | enveloppe complete
SLOTS 136.000 161.000 185.000 209.000 234.000 258.000 282.000 307.000 149.000 185.000 222.000 258.000 294.000 162.000 186.000 210.000 234.000 258.000 282.000 307.000
N 1 184.013283 639.703817
N 2 412.093068 841.053817
N 3 642.722894 1042.403817
N 4 875.898471 1243.753817
N 5 1111.089470 1445.103817
N 6 1348.800213 1646.453817
N 7 1589.030699 1847.803817
N 8 1831.780929 2049.153817
N 9 2070.207992 2250.503817
N 10 2300.231102 2451.853817
N 11 2526.457495 2653.203817
N 12 2760.277323 2854.553817
N 13 2950.190948 3055.903817
N 14 3140.788352 3257.253817
N 15 3358.158075 3458.603817
N 16 3549.246114 3706.096324
N 17 3741.050390 3934.362786
N 18 3959.333497 4165.795891
N 19 4150.474595 4400.989385
N 20 4341.694682 4640.695343
CASE legacy | deux avions | moyen 75-105 kg, pilotes 80/86, fuel 320-1900 | enveloppe complete
SLOTS 136.000 161.000 185.000 209.000 234.000 258.000 282.000 307.000 149.000 185.000 222.000 258.000 294.000 162.000 186.000 210.000 234.000 258.000 282.000 307.000
N 1 184.013283 583.664336
N 2 412.093068 788.014336
N 3 642.722894 992.364336
N 4 875.898471 1196.714336
N 5 1111.089470 1401.064336
N 6 1348.800213 1605.414336
N 7 1589.030699 1809.764336
N 8 1831.780929 2014.114336
N 9 2070.207992 2218.464336
N 10 2300.231102 2422.814336
N 11 2526.457495 2627.164336
N 12 2760.277323 2831.514336
N 13 2950.190948 3035.864336
N 14 3140.788352 3240.214336
N 15 3358.158075 3444.564336
N 16 3549.246114 3667.880053
N 17 3741.050390 3893.192161
N 18 3959.333497 4120.833393
N 19 4150.474595 4351.214769
N 20 4341.694682 4584.850067
CASE n20 | C208B-A | forfait 90 kg, pilote 80 | enveloppe complete
SLOTS 135.500 155.400 180.667 205.933 231.200 256.467 281.733 307.000 168.033 199.617 231.200 262.783 294.367 155.400 180.667 205.933 231.200 256.467 281.733 307.000
N 1 137.329357 645.492198
N 2 370.220416 849.842198
N 3 605.297224 1054.192198
N 4 842.336780 1258.542198
N 5 1081.237643 1462.892198
N 6 1322.298286 1667.242198
N 7 1565.518710 1871.592198
N 8 1810.898914 2075.942198
N 9 2052.414896 2280.292198
N 10 2255.139460 2484.642198
N 11 2457.239749 2688.992198
N 12 2659.844170 2893.342198
N 13 2862.448731 3097.692198
N 14 3065.557425 3302.042198
N 15 3269.198496 3506.392198
N 16 3471.775234 3710.742198
N 17 3674.884349 3915.092198
N 18 3877.993604 4119.442198
N 19 4080.599007 4323.792198
N 20 -1e300 1e300
CASE n20 | C208B-A | forfait 90 kg, pilote 80 | arriere seule
SLOTS 135.500 155.400 180.667 205.933 231.200 256.467 281.733 307.000 168.033 199.617 231.200 262.783 294.367 155.400 180.667 205.933 231.200 256.467 281.733 307.000
N 1 -1e300 645.492198
N 2 -1e300 849.842198
N 3 -1e300 1054.192198
N 4 -1e300 1258.542198
N 5 -1e300 1462.892198
N 6 -1e300 1667.242198
N 7 -1e300 1871.592198
N 8 -1e300 2075.942198
N 9 -1e300 2280.292198
N 10 -1e300 2484.642198
N 11 -1e300 2688.992198
N 12 -1e300 2893.342198
N 13 -1e300 3097.692198
N 14 -1e300 3302.042198
N 15 -1e300 3506.392198
N 16 -1e300 3710.742198
N 17 -1e300 3915.092198
N 18 -1e300 4119.442198
N 19 -1e300 4323.792198
N 20 -1e300 1e300
CASE n20 | C208B-B | forfait 90 kg, pilote 80 | enveloppe complete
SLOTS 135.500 155.400 180.667 205.933 231.200 256.467 281.733 307.000 168.033 199.617 231.200 262.783 294.367 155.400 180.667 205.933 231.200 256.467 281.733 307.000
N 1 219.744908 714.371591
N 2 453.693503 918.721591
N 3 689.827847 1123.071591
N 4 927.663312 1327.421591
N 5 1167.609146 1531.771591
N 6 1409.714762 1736.121591
N 7 1653.980157 1940.471591
N 8 1900.405332 2144.821591
N 9 2119.634446 2349.171591
N 10 2322.705905 2553.521591
N 11 2524.843880 2757.871591
N 12 2727.485982 2962.221591
N 13 2930.226010 3166.571591
N 14 3133.255735 3370.921591
N 15 3336.925077 3575.271591
N 16 3540.071712 3779.621591
N 17 3743.218482 3983.971591
N 18 3945.861395 4188.321591
N 19 -1e300 1e300
N 20 -1e300 1e300
CASE n20 | C208B-B | forfait 90 kg, pilote 80 | arriere seule
SLOTS 135.500 155.400 180.667 205.933 231.200 256.467 281.733 307.000 168.033 199.617 231.200 262.783 294.367 155.400 180.667 205.933 231.200 256.467 281.733 307.000
N 1 -1e300 714.371591
N 2 -1e300 918.721591
N 3 -1e300 1123.071591
N 4 -1e300 1327.421591
N 5 -1e300 1531.771591
N 6 -1e300 1736.121591
N 7 -1e300 1940.471591
N 8 -1e300 2144.821591
N 9 -1e300 2349.171591
N 10 -1e300 2553.521591
N 11 -1e300 2757.871591
N 12 -1e300 2962.221591
N 13 -1e300 3166.571591
N 14 -1e300 3370.921591
N 15 -1e300 3575.271591
N 16 -1e300 3779.621591
N 17 -1e300 3983.971591
N 18 -1e300 4188.321591
N 19 -1e300 1e300
N 20 -1e300 1e300
CASE n20 | deux avions | forfait 90 kg, pilote 80 | enveloppe complete
SLOTS 135.500 155.400 180.667 205.933 231.200 256.467 281.733 307.000 168.033 199.617 231.200 262.783 294.367 155.400 180.667 205.933 231.200 256.467 281.733 307.000
N 1 219.744908 645.492198
N 2 453.693503 849.842198
N 3 689.827847 1054.192198
N 4 927.663312 1258.542198
N 5 1167.609146 1462.892198
N 6 1409.714762 1667.242198
N 7 1653.980157 1871.592198
N 8 1900.405332 2075.942198
N 9 2119.634446 2280.292198
N 10 2322.705905 2484.642198
N 11 2524.843880 2688.992198
N 12 2727.485982 2893.342198
N 13 2930.226010 3097.692198
N 14 3133.255735 3302.042198
N 15 3336.925077 3506.392198
N 16 3540.071712 3710.742198
N 17 3743.218482 3915.092198
N 18 3945.861395 4119.442198
N 19 4080.599007 4323.792198
N 20 -1e300 1e300
CASE n20 | deux avions | forfait 90 kg, pilote 80 | arriere seule
SLOTS 135.500 155.400 180.667 205.933 231.200 256.467 281.733 307.000 168.033 199.617 231.200 262.783 294.367 155.400 180.667 205.933 231.200 256.467 281.733 307.000
N 1 -1e300 645.492198
N 2 -1e300 849.842198
N 3 -1e300 1054.192198
N 4 -1e300 1258.542198
N 5 -1e300 1462.892198
N 6 -1e300 1667.242198
N 7 -1e300 1871.592198
N 8 -1e300 2075.942198
N 9 -1e300 2280.292198
N 10 -1e300 2484.642198
N 11 -1e300 2688.992198
N 12 -1e300 2893.342198
N 13 -1e300 3097.692198
N 14 -1e300 3302.042198
N 15 -1e300 3506.392198
N 16 -1e300 3710.742198
N 17 -1e300 3915.092198
N 18 -1e300 4119.442198
N 19 -1e300 4323.792198
N 20 -1e300 1e300
CASE n20 | C208B-A | forfait 80 kg, pilote 86 | enveloppe complete
SLOTS 135.500 155.400 180.667 205.933 231.200 256.467 281.733 307.000 168.033 199.617 231.200 262.783 294.367 155.400 180.667 205.933 231.200 256.467 281.733 307.000
N 1 132.745546 705.798722
N 2 365.418030 910.148722
N 3 600.033402 1114.498722
N 4 836.565846 1318.848722
N 5 1074.530805 1523.198722
N 6 1314.415568 1727.548722
N 7 1556.220135 1931.898722
N 8 1799.944508 2136.248722
N 9 2045.588684 2340.598722
N 10 2286.389081 2544.948722
N 11 2483.438023 2749.298722
N 12 2679.819660 2953.648722
N 13 2876.802794 3157.998722
N 14 3099.619961 3362.348722
N 15 3296.677761 3566.698722
N 16 3494.096736 3771.048722
N 17 3692.267552 3975.398722
N 18 3914.208247 4179.748722
N 19 4111.673523 4384.098722
N 20 4309.173304 4588.448722
CASE n20 | C208B-A | forfait 80 kg, pilote 86 | arriere seule
SLOTS 135.500 155.400 180.667 205.933 231.200 256.467 281.733 307.000 168.033 199.617 231.200 262.783 294.367 155.400 180.667 205.933 231.200 256.467 281.733 307.000
N 1 -1e300 705.798722
N 2 -1e300 910.148722
N 3 -1e300 1114.498722
N 4 -1e300 1318.848722
N 5 -1e300 1523.198722
N 6 -1e300 1727.548722
N 7 -1e300 1931.898722
N 8 -1e300 2136.248722
N 9 -1e300 2340.598722
N 10 -1e300 2544.948722
N 11 -1e300 2749.298722
N 12 -1e300 2953.648722
N 13 -1e300 3157.998722
N 14 -1e300 3362.348722
N 15 -1e300 3566.698722
N 16 -1e300 3771.048722
N 17 -1e300 3975.398722
N 18 -1e300 4179.748722
N 19 -1e300 4384.098722
N 20 -1e300 4588.448722
CASE n20 | C208B-B | forfait 80 kg, pilote 86 | enveloppe complete
SLOTS 135.500 155.400 180.667 205.933 231.200 256.467 281.733 307.000 168.033 199.617 231.200 262.783 294.367 155.400 180.667 205.933 231.200 256.467 281.733 307.000
N 1 225.410164 783.288040
N 2 459.140184 987.638040
N 3 694.813092 1191.988040
N 4 932.114082 1396.338040
N 5 1171.124012 1600.688040
N 6 1412.053746 1805.038040
N 7 1654.903286 2009.388040
N 8 1899.672630 2213.738040
N 9 2146.361778 2418.088040
N 10 2362.012686 2622.438040
N 11 2559.457495 2826.788040
N 12 2755.886590 3031.138040
N 13 2952.917095 3235.488040
N 14 3174.939190 3439.838040
N 15 3372.418232 3644.188040
N 16 3570.529363 3848.538040
N 17 3767.479836 4052.888040
N 18 3991.038836 4257.238040
N 19 4188.551372 4461.588040
N 20 4385.531336 4665.938040
CASE n20 | C208B-B | forfait 80 kg, pilote 86 | arriere seule
SLOTS 135.500 155.400 180.667 205.933 231.200 256.467 281.733 307.000 168.033 199.617 231.200 262.783 294.367 155.400 180.667 205.933 231.200 256.467 281.733 307.000
N 1 -1e300 783.288040
N 2 -1e300 987.638040
N 3 -1e300 1191.988040
N 4 -1e300 1396.338040
N 5 -1e300 1600.688040
N 6 -1e300 1805.038040
N 7 -1e300 2009.388040
N 8 -1e300 2213.738040
N 9 -1e300 2418.088040
N 10 -1e300 2622.438040
N 11 -1e300 2826.788040
N 12 -1e300 3031.138040
N 13 -1e300 3235.488040
N 14 -1e300 3439.838040
N 15 -1e300 3644.188040
N 16 -1e300 3848.538040
N 17 -1e300 4052.888040
N 18 -1e300 4257.238040
N 19 -1e300 4461.588040
N 20 -1e300 4665.938040
CASE n20 | deux avions | forfait 80 kg, pilote 86 | enveloppe complete
SLOTS 135.500 155.400 180.667 205.933 231.200 256.467 281.733 307.000 168.033 199.617 231.200 262.783 294.367 155.400 180.667 205.933 231.200 256.467 281.733 307.000
N 1 225.410164 705.798722
N 2 459.140184 910.148722
N 3 694.813092 1114.498722
N 4 932.114082 1318.848722
N 5 1171.124012 1523.198722
N 6 1412.053746 1727.548722
N 7 1654.903286 1931.898722
N 8 1899.672630 2136.248722
N 9 2146.361778 2340.598722
N 10 2362.012686 2544.948722
N 11 2559.457495 2749.298722
N 12 2755.886590 2953.648722
N 13 2952.917095 3157.998722
N 14 3174.939190 3362.348722
N 15 3372.418232 3566.698722
N 16 3570.529363 3771.048722
N 17 3767.479836 3975.398722
N 18 3991.038836 4179.748722
N 19 4188.551372 4384.098722
N 20 4385.531336 4588.448722
CASE n20 | deux avions | forfait 80 kg, pilote 86 | arriere seule
SLOTS 135.500 155.400 180.667 205.933 231.200 256.467 281.733 307.000 168.033 199.617 231.200 262.783 294.367 155.400 180.667 205.933 231.200 256.467 281.733 307.000
N 1 -1e300 705.798722
N 2 -1e300 910.148722
N 3 -1e300 1114.498722
N 4 -1e300 1318.848722
N 5 -1e300 1523.198722
N 6 -1e300 1727.548722
N 7 -1e300 1931.898722
N 8 -1e300 2136.248722
N 9 -1e300 2340.598722
N 10 -1e300 2544.948722
N 11 -1e300 2749.298722
N 12 -1e300 2953.648722
N 13 -1e300 3157.998722
N 14 -1e300 3362.348722
N 15 -1e300 3566.698722
N 16 -1e300 3771.048722
N 17 -1e300 3975.398722
N 18 -1e300 4179.748722
N 19 -1e300 4384.098722
N 20 -1e300 4588.448722
CASE n20 | C208B-A | moyen 70-110 kg, pilotes 80/86 | enveloppe complete
SLOTS 135.500 155.400 180.667 205.933 231.200 256.467 281.733 307.000 168.033 199.617 231.200 262.783 294.367 155.400 180.667 205.933 231.200 256.467 281.733 307.000
N 1 159.832760 565.284525
N 2 393.598119 769.634525
N 3 629.968347 973.984525
N 4 868.533244 1178.334525
N 5 1109.737873 1382.684525
N 6 1353.582233 1587.034525
N 7 1600.066324 1791.384525
N 8 1829.111265 1995.734525
N 9 2056.100892 2200.084525
N 10 2286.389081 2404.434525
N 11 2514.389938 2608.784525
N 12 2725.435612 2813.134525
N 13 2915.704659 3017.484525
N 14 3133.506429 3221.834525
N 15 3323.148406 3426.184525
N 16 3542.422813 3647.721884
N 17 3732.209773 3870.977978
N 18 3951.103798 4096.224187
N 19 4142.021554 4323.792198
N 20 4351.789992 4554.091739
CASE n20 | C208B-B | moyen 70-110 kg, pilotes 80/86 | enveloppe complete
SLOTS 135.500 155.400 180.667 205.933 231.200 256.467 281.733 307.000 168.033 199.617 231.200 262.783 294.367 155.400 180.667 205.933 231.200 256.467 281.733 307.000
N 1 227.513629 621.640393
N 2 462.336523 825.990393
N 3 699.552970 1030.340393
N 4 939.162839 1234.690393
N 5 1181.412439 1439.040393
N 6 1426.301771 1643.390393
N 7 1670.727407 1847.740393
N 8 1907.877136 2052.090393
N 9 2146.361778 2256.440393
N 10 2388.656169 2460.790393
N 11 2612.837411 2665.140393
N 12 2812.215911 2869.490393
N 13 3001.250608 3073.840393
N 14 3220.428366 3278.190393
N 15 3410.130377 3482.540393
N 16 3628.501932 3728.619432
N 17 3818.777019 3957.128350
N 18 4038.140666 4188.321591
N 19 4229.107440 4422.672861
N 20 4437.723767 4660.774290
CASE n20 | deux avions | moyen 70-110 kg, pilotes 80/86 | enveloppe complete
SLOTS 135.500 155.400 180.667 205.933 231.200 256.467 281.733 307.000 168.033 199.617 231.200 262.783 294.367 155.400 180.667 205.933 231.200 256.467 281.733 307.000
N 1 227.513629 565.284525
N 2 462.336523 769.634525
N 3 699.552970 973.984525
N 4 939.162839 1178.334525
N 5 1181.412439 1382.684525
N 6 1426.301771 1587.034525
N 7 1670.727407 1791.384525
N 8 1907.877136 1995.734525
N 9 2146.361778 2200.084525
N 10 2388.656169 2404.434525
N 11 2612.837411 2608.784525
N 12 2812.215911 2813.134525
N 13 3001.250608 3017.484525
N 14 3220.428366 3221.834525
N 15 3410.130377 3426.184525
N 16 3628.501932 3647.721884
N 17 3818.777019 3870.977978
N 18 4038.140666 4096.224187
N 19 4229.107440 4323.792198
N 20 4437.723767 4554.091739
CASE n20 | C208B-A | moyen 60-120 kg, pilotes 80/86 | enveloppe complete
SLOTS 135.500 155.400 180.667 205.933 231.200 256.467 281.733 307.000 168.033 199.617 231.200 262.783 294.367 155.400 180.667 205.933 231.200 256.467 281.733 307.000
N 1 165.892618 535.206648
N 2 400.022268 739.556648
N 3 636.872233 943.906648
N 4 876.277045 1148.256648
N 5 1118.561564 1352.606648
N 6 1363.725790 1556.956648
N 7 1601.327863 1761.306648
N 8 1829.111265 1965.656648
N 9 2056.100892 2170.006648
N 10 2286.389081 2374.356648
N 11 2514.389938 2578.706648
N 12 2745.946694 2783.056648
N 13 2974.775585 2987.406648
N 14 3179.674881 3191.756648
N 15 3382.709190 3426.184525
N 16 3573.092880 3647.721884
N 17 3787.492857 3870.977978
N 18 4001.054696 4096.224187
N 19 4180.920279 4323.792198
N 20 4395.570348 4554.091739
CASE n20 | C208B-B | moyen 60-120 kg, pilotes 80/86 | enveloppe complete
SLOTS 135.500 155.400 180.667 205.933 231.200 256.467 281.733 307.000 168.033 199.617 231.200 262.783 294.367 155.400 180.667 205.933 231.200 256.467 281.733 307.000
N 1 228.021542 586.866193
N 2 463.208728 791.216193
N 3 700.919381 995.566193
N 4 941.369164 1199.916193
N 5 1184.698655 1404.266193
N 6 1430.907852 1608.616193
N 7 1670.727407 1812.966193
N 8 1907.877136 2017.316193
N 9 2146.361778 2221.666193
N 10 2388.656169 2426.016193
N 11 2622.630723 2630.366193
N 12 2861.815704 2834.716193
N 13 3066.689132 3039.066193
N 14 3280.918562 3260.047332
N 15 3495.346653 3482.540393
N 16 3674.515453 3728.619432
N 17 3887.981694 3957.128350
N 18 4102.513354 4188.321591
N 19 4282.602313 4422.672861
N 20 4496.557643 4660.774290
CASE n20 | deux avions | moyen 60-120 kg, pilotes 80/86 | enveloppe complete
SLOTS 135.500 155.400 180.667 205.933 231.200 256.467 281.733 307.000 168.033 199.617 231.200 262.783 294.367 155.400 180.667 205.933 231.200 256.467 281.733 307.000
N 1 228.021542 535.206648
N 2 463.208728 739.556648
N 3 700.919381 943.906648
N 4 941.369164 1148.256648
N 5 1184.698655 1352.606648
N 6 1430.907852 1556.956648
N 7 1670.727407 1761.306648
N 8 1907.877136 1965.656648
N 9 2146.361778 2170.006648
N 10 2388.656169 2374.356648
N 11 2622.630723 2578.706648
N 12 2861.815704 2783.056648
N 13 3066.689132 2987.406648
N 14 3280.918562 3191.756648
N 15 3495.346653 3426.184525
N 16 3674.515453 3647.721884
N 17 3887.981694 3870.977978
N 18 4102.513354 4096.224187
N 19 4282.602313 4323.792198
N 20 4496.557643 4554.091739
CASE n20 | C208B-A | moyen 70-110 kg, pilotes 65-110 | enveloppe complete
SLOTS 135.500 155.400 180.667 205.933 231.200 256.467 281.733 307.000 168.033 199.617 231.200 262.783 294.367 155.400 180.667 205.933 231.200 256.467 281.733 307.000
N 1 181.044627 555.895889
N 2 415.392852 760.245889
N 3 652.230093 964.595889
N 4 891.370931 1168.945889
N 5 1133.151501 1373.295889
N 6 1377.571803 1577.645889
N 7 1624.631836 1781.995889
N 8 1855.020030 1986.345889
N 9 2087.857676 2190.695889
N 10 2316.622713 2395.045889
N 11 2552.992885 2599.395889
N 12 2739.931558 2803.745889
N 13 2954.253092 3008.095889
N 14 3148.014664 3212.445889
N 15 3361.728218 3416.795889
N 16 3551.346929 3637.886169
N 17 3770.822913 3860.650478
N 18 3960.959701 4085.353134
N 19 4156.490578 4312.317198
N 20 4370.193471 4541.941739
CASE n20 | C208B-B | moyen 70-110 kg, pilotes 65-110 | enveloppe complete
SLOTS 135.500 155.400 180.667 205.933 231.200 256.467 281.733 307.000 168.033 199.617 231.200 262.783 294.367 155.400 180.667 205.933 231.200 256.467 281.733 307.000
N 1 257.740189 612.251756
N 2 491.688784 816.601756
N 3 727.337406 1020.951756
N 4 964.448540 1225.301756
N 5 1205.054062 1429.651756
N 6 1450.519335 1634.001756
N 7 1694.477305 1838.351756
N 8 1937.860342 2042.701756
N 9 2180.092885 2247.051756
N 10 2420.681864 2451.401756
N 11 2631.715813 2655.751756
N 12 2826.706467 2860.101756
N 13 3039.783278 3064.451756
N 14 3234.931337 3268.801756
N 15 3448.696263 3473.151756
N 16 3638.500655 3696.925650
N 17 3857.374062 3946.257297
N 18 4048.309098 4176.846591
N 19 4267.738034 4410.522861
N 20 4458.008845 4647.864915
CASE n20 | deux avions | moyen 70-110 kg, pilotes 65-110 | enveloppe complete
SLOTS 135.500 155.400 180.667 205.933 231.200 256.467 281.733 307.000 168.033 199.617 231.200 262.783 294.367 155.400 180.667 205.933 231.200 256.467 281.733 307.000
N 1 257.740189 555.895889
N 2 491.688784 760.245889
N 3 727.337406 964.595889
N 4 964.448540 1168.945889
N 5 1205.054062 1373.295889
N 6 1450.519335 1577.645889
N 7 1694.477305 1781.995889
N 8 1937.860342 1986.345889
N 9 2180.092885 2190.695889
N 10 2420.681864 2395.045889
N 11 2631.715813 2599.395889
N 12 2826.706467 2803.745889
N 13 3039.783278 3008.095889
N 14 3234.931337 3212.445889
N 15 3448.696263 3416.795889
N 16 3638.500655 3637.886169
N 17 3857.374062 3860.650478
N 18 4048.309098 4085.353134
N 19 4267.738034 4312.317198
N 20 4458.008845 4541.941739
CASE n20 | C208B-A | moyen 70-110 kg, pilotes 80/86, fuel 320-1900 | enveloppe complete
SLOTS 135.500 155.400 180.667 205.933 231.200 256.467 281.733 307.000 168.033 199.617 231.200 262.783 294.367 155.400 180.667 205.933 231.200 256.467 281.733 307.000
N 1 122.689894 566.422776
N 2 352.894290 770.772776
N 3 585.770156 975.122776
N 4 821.317492 1179.472776
N 5 1059.110751 1383.822776
N 6 1299.436455 1588.172776
N 7 1542.401890 1792.522776
N 8 1788.007057 1996.872776
N 9 2020.039246 2201.222776
N 10 2245.748687 2405.572776
N 11 2474.093521 2609.922776
N 12 2688.321018 2814.272776
N 13 2915.704659 3018.622776
N 14 3133.506429 3222.972776
N 15 3323.148406 3444.564336
N 16 3542.422813 3667.880053
N 17 3732.209773 3893.192161
N 18 3951.103798 4120.833393
N 19 4142.021554 4351.214769
N 20 4351.789992 4584.850067
CASE n20 | C208B-B | moyen 70-110 kg, pilotes 80/86, fuel 320-1900 | enveloppe complete
SLOTS 135.500 155.400 180.667 205.933 231.200 256.467 281.733 307.000 168.033 199.617 231.200 262.783 294.367 155.400 180.667 205.933 231.200 256.467 281.733 307.000
N 1 188.961110 622.778643
N 2 420.223041 827.128643
N 3 654.156443 1031.478643
N 4 890.661468 1235.828643
N 5 1129.392412 1440.178643
N 6 1370.763088 1644.528643
N 7 1614.773495 1848.878643
N 8 1861.423633 2053.228643
N 9 2097.207992 2257.578643
N 10 2330.231102 2461.928643
N 11 2559.457495 2666.278643
N 12 2796.277323 2870.628643
N 13 3001.250608 3074.978643
N 14 3220.428366 3279.328643
N 15 3410.130377 3503.603817
N 16 3628.501932 3754.096324
N 17 3818.777019 3985.362786
N 18 4038.140666 4219.795891
N 19 4229.107440 4457.989385
N 20 4437.723767 4700.695343
CASE n20 | deux avions | moyen 70-110 kg, pilotes 80/86, fuel 320-1900 | enveloppe complete
SLOTS 135.500 155.400 180.667 205.933 231.200 256.467 281.733 307.000 168.033 199.617 231.200 262.783 294.367 155.400 180.667 205.933 231.200 256.467 281.733 307.000
N 1 188.961110 566.422776
N 2 420.223041 770.772776
N 3 654.156443 975.122776
N 4 890.661468 1179.472776
N 5 1129.392412 1383.822776
N 6 1370.763088 1588.172776
N 7 1614.773495 1792.522776
N 8 1861.423633 1996.872776
N 9 2097.207992 2201.222776
N 10 2330.231102 2405.572776
N 11 2559.457495 2609.922776
N 12 2796.277323 2814.272776
N 13 3001.250608 3018.622776
N 14 3220.428366 3222.972776
N 15 3410.130377 3444.564336
N 16 3628.501932 3667.880053
N 17 3818.777019 3893.192161
N 18 4038.140666 4120.833393
N 19 4229.107440 4351.214769
N 20 4437.723767 4584.850067
CASE n20 | C208B-A | moyen 75-105 kg, pilotes 80/86, fuel 320-1900 | enveloppe complete
SLOTS 135.500 155.400 180.667 205.933 231.200 256.467 281.733 307.000 168.033 199.617 231.200 262.783 294.367 155.400 180.667 205.933 231.200 256.467 281.733 307.000
N 1 117.636654 583.664336
N 2 347.658904 788.014336
N 3 580.231194 992.364336
N 4 815.353523 1196.714336
N 5 1052.709866 1401.064336
N 6 1292.375637 1605.414336
N 7 1534.561151 1809.764336
N 8 1779.266409 2014.114336
N 9 2020.039246 2218.464336
N 10 2245.748687 2422.814336
N 11 2474.093521 2627.164336
N 12 2688.321018 2831.514336
N 13 2908.061078 3035.864336
N 14 3101.605179 3240.214336
N 15 3322.820673 3444.564336
N 16 3516.456278 3667.880053
N 17 3710.519714 3893.192161
N 18 3932.065142 4120.833393
N 19 4125.514104 4351.214769
N 20 4319.681244 4584.850067
CASE n20 | C208B-B | moyen 75-105 kg, pilotes 80/86, fuel 320-1900 | enveloppe complete
SLOTS 135.500 155.400 180.667 205.933 231.200 256.467 281.733 307.000 168.033 199.617 231.200 262.783 294.367 155.400 180.667 205.933 231.200 256.467 281.733 307.000
N 1 187.013283 642.703817
N 2 418.093068 847.053817
N 3 651.722894 1051.403817
N 4 887.898471 1255.753817
N 5 1126.089470 1460.103817
N 6 1366.800213 1664.453817
N 7 1610.030699 1868.803817
N 8 1855.780929 2073.153817
N 9 2097.207992 2277.503817
N 10 2330.231102 2481.853817
N 11 2559.457495 2686.203817
N 12 2796.277323 2890.553817
N 13 2989.190948 3094.903817
N 14 3182.788352 3299.253817
N 15 3403.158075 3503.603817
N 16 3597.246114 3754.096324
N 17 3792.050390 3985.362786
N 18 4013.333497 4219.795891
N 19 4207.474595 4457.989385
N 20 4401.694682 4700.695343
CASE n20 | deux avions | moyen 75-105 kg, pilotes 80/86, fuel 320-1900 | enveloppe complete
SLOTS 135.500 155.400 180.667 205.933 231.200 256.467 281.733 307.000 168.033 199.617 231.200 262.783 294.367 155.400 180.667 205.933 231.200 256.467 281.733 307.000
N 1 187.013283 583.664336
N 2 418.093068 788.014336
N 3 651.722894 992.364336
N 4 887.898471 1196.714336
N 5 1126.089470 1401.064336
N 6 1366.800213 1605.414336
N 7 1610.030699 1809.764336
N 8 1855.780929 2014.114336
N 9 2097.207992 2218.464336
N 10 2330.231102 2422.814336
N 11 2559.457495 2627.164336
N 12 2796.277323 2831.514336
N 13 2989.190948 3035.864336
N 14 3182.788352 3240.214336
N 15 3403.158075 3444.564336
N 16 3597.246114 3667.880053
N 17 3792.050390 3893.192161
N 18 4013.333497 4120.833393
N 19 4207.474595 4351.214769
N 20 4401.694682 4584.850067
